0 1.840188 -0.000000
1 1.394383 -0.000000
2 1.783099 -0.000594
3 1.798440 -0.001677
4 1.911647 -0.003368
5 1.197551 -0.005587
6 1.335223 -0.008136
7 1.768230 -0.010362
8 1.277775 -0.011679
9 1.553970 -0.011488
10 1.477397 -0.008941
11 1.628871 -0.003676
12 1.364784 0.004307
13 1.513401 0.014284
14 1.952230 0.024936
15 1.916195 0.034154
16 1.635712 0.039324
17 1.717297 0.037971
18 1.141603 0.028231
19 1.606969 0.009240
20 1.016301 -0.018036
21 1.242887 -0.051014
22 1.137232 -0.084787
23 1.804177 -0.113009
24 1.156679 -0.128169
25 1.400944 -0.122839
26 1.129790 -0.090075
27 1.108809 -0.025126
28 1.998925 0.074149
29 1.218257 0.206533
30 1.512932 0.367140
31 1.839112 0.548610
32 1.612640 0.741068
33 1.296032 0.933558
34 1.637552 1.115506
35 1.524287 1.277802
36 1.493583 1.413563
37 1.972775 1.519083
38 1.292517 1.593821
39 1.771358 1.639946
40 1.526745 1.662168
41 1.769914 1.666073
42 1.400229 1.657691
43 1.891529 1.642214
44 1.283315 1.623685
45 1.352458 1.604222
46 1.807725 1.584687
47 1.919026 1.564503
48 1.069755 1.542317
49 1.949327 1.516878
50 1.525995 1.487822
51 1.086056 1.455241
52 1.192214 1.420756
53 1.663227 1.387003
54 1.890233 1.357078
55 1.348893 1.334055
56 1.064171 1.320595
57 1.020023 1.318626
58 1.457702 1.328720
59 1.063096 1.350009
60 1.238280 1.380256
61 1.970634 1.416613
62 1.902208 1.455648
63 1.850920 1.493828
64 1.266666 1.528376
65 1.539760 1.557337
66 1.375207 1.579340
67 1.760249 1.594437
68 1.512535 1.603358
69 1.667724 1.607333
70 1.531606 1.608005
71 1.039280 1.607088
72 1.437638 1.605799
73 1.931835 1.604875
74 1.930810 1.604452
75 1.720952 1.603777
76 1.284293 1.601846
77 1.738534 1.597340
78 1.639979 1.589096
79 1.354049 1.575792
80 1.687861 1.556705
81 1.165974 1.532037
82 1.440105 1.502691
83 1.880075 1.470529
84 1.829201 1.438026
85 1.330337 1.407663
86 1.228968 1.382430
87 1.893372 1.364861
88 1.350360 1.356787
89 1.686670 1.358610
90 1.956468 1.370441
91 1.588640 1.390794
92 1.657304 1.417499
93 1.858676 1.447956
94 1.439560 1.478982
95 1.923970 1.508092
96 1.398437 1.533212
97 1.814767 1.552774
98 1.684219 1.566582
99 1.910972 1.574996
100 1.482491 1.578980
101 1.215825 1.579884
102 1.950252 1.579274
103 1.920128 1.578275
104 1.147660 1.577605
105 1.881062 1.577309
106 1.641081 1.577399
107 1.431953 1.576922
108 1.619596 1.575300
109 1.281059 1.571821
110 1.786002 1.566360
111 1.307458 1.559245
112 1.447034 1.550961
113 1.226107 1.542849
114 1.187533 1.536600
115 1.276235 1.533485
116 1.556444 1.534865
117 1.416501 1.541567
118 1.169607 1.553535
119 1.906804 1.570044
120 1.103171 1.589864
121 1.126075 1.611247
122 1.495444 1.632662
123 1.760475 1.652364
124 1.984752 1.668709
125 1.935004 1.680864
126 1.684445 1.688408
127 1.383188 1.691372

